2 3 4.000000
5 6 7.000000
8 9 10.000000
11 12 13.000000
14 15 16.000000
17 18 19.000000
20 21 22.000000
23 24 25.000000
26 27 28.000000
29 30 31.000000
32 33 34.000000
35 36 37.000000
38 39 40.000000
41 42 43.000000
44 45 46.000000
47 48 49.000000
50 51 52.000000
53 54 55.000000
56 57 58.000000
59 60 61.000000
62 63 64.000000
65 66 67.000000
68 69 70.000000
71 72 73.000000
74 75 76.000000
77 78 79.000000
79 2 3.000000
4 5 6.000000
8 9 10.000000
11 12 13.000000
14 25 26.000000
27 28 29.000000
35 36 37.000000
38 39 40.000000
41 42 43.000000
44 45 46.000000
47 48 49.000000
50 51 52.000000
53 54 55.000000
56 57 58.000000
59 60 61.000000
62 63 64.000000
65 66 67.000000
68 69 70.000000
71 72 73.000000
74 75 76.000000
77 78 80.000000
81 82 83.000000
84 85 86.000000
87 88 89.000000
90 91 92.000000
93 94 95.000000
96 97 98.000000
99 100 7.000000
36 37 38.000000
39 40 41.000000
42 43 44.000000
45 46 47.000000
66 7 35.000000
37 38 39.000000
40 41 42.000000
43 44 45.000000
46 47 7.000000
9 35 36.000000
38 39 40.000000
41 42 43.000000
44 45 46.000000
47 58 62.000000
66 67 70.000000
77 7 35.000000
36 37 39.000000
40 41 42.000000
43 44 45.000000
46 47 7.000000
9 35 36.000000
37 38 40.000000
41 42 43.000000
44 45 46.000000
47 58 71.000000
7 9 35.000000
36 37 38.000000
39 41 42.000000
43 44 45.000000
46 47 58.000000
71 7 9.000000
35 36 37.000000
38 39 40.000000
42 43 44.000000
45 46 47.000000
49 56 62.000000
68 70 71.000000
77 7 9.000000
35 36 37.000000
38 39 40.000000
41 43 44.000000
45 46 47.000000
58 7 9.000000
35 36 37.000000
38 39 40.000000
41 42 44.000000
45 46 47.000000
58 71 7.000000
35 36 37.000000
38 39 40.000000
41 42 43.000000
45 46 47.000000
7 9 35.000000
36 37 38.000000
39 40 41.000000
42 43 44.000000
46 47 7.000000
9 35 36.000000
37 38 39.000000
40 41 42.000000
43 44 45.000000
47 58 7.000000
9 35 36.000000
37 38 39.000000
40 41 42.000000
43 44 45.000000
46 50 58.000000
62 66 68.000000
69 70 71.000000
77 9 57.000000
59 60 62.000000
70 73 76.000000
77 9 51.000000
59 60 62.000000
70 73 76.000000
77 9 51.000000
57 60 70.000000
73 76 77.000000
9 51 57.000000
59 62 70.000000
73 76 77.000000
9 51 57.000000
59 60 70.000000
73 76 77.000000
79 79 9.000000
51 57 59.000000
60 62 73.000000
76 77 9.000000
51 57 59.000000
60 62 70.000000
76 77 9.000000
51 57 59.000000
60 62 70.000000
73 76 77.000000
9 51 57.000000
59 60 62.000000
70 73 77.000000
9 51 57.000000
59 60 62.000000
70 73 76.000000
1 1 1.000000
1 1 1.000000
1 1 1.000000
1 1 1.000000
1 1 1.000000
1 1 1.000000
1 1 1.000000
1 1 1.000000
1 1 1.000000
1 1 1.000000
1 1 1.000000
1 1 1.000000
1 1 1.000000
1 1 1.000000
1 1 1.000000
1 1 1.000000
1 1 1.000000
1 1 1.000000
1 1 1.000000
1 1 1.000000
1 1 1.000000
1 1 1.000000
1 1 1.000000
1 1 1.000000
1 1 1.000000
1 1 3.000000
5 7 7.000000
7 7 7.000000
7 7 7.000000
7 7 7.000000
7 7 7.000000
7 7 7.000000
7 7 7.000000
7 7 7.000000
7 7 7.000000
7 7 7.000000
7 7 7.000000
7 7 7.000000
7 7 7.000000
7 7 7.000000
7 7 7.000000
7 7 7.000000
7 7 7.000000
7 7 7.000000
7 7 7.000000
7 7 7.000000
7 7 7.000000
7 7 7.000000
7 7 7.000000
7 7 7.000000
7 7 7.000000
7 7 7.000000
7 7 7.000000
7 7 35.000000
35 35 35.000000
35 35 35.000000
35 35 35.000000
35 35 35.000000
35 36 36.000000
36 36 36.000000
36 36 36.000000
36 36 36.000000
36 36 37.000000
37 37 37.000000
37 37 37.000000
37 37 37.000000
37 37 37.000000
37 37 37.000000
37 37 37.000000
37 38 38.000000
38 38 38.000000
38 38 38.000000
38 38 38.000000
38 38 39.000000
39 39 39.000000
39 39 39.000000
39 39 39.000000
39 39 39.000000
39 39 39.000000
40 40 40.000000
40 40 40.000000
40 40 40.000000
40 40 40.000000
40 40 40.000000
40 41 41.000000
41 41 41.000000
41 41 41.000000
41 41 41.000000
41 41 41.000000
41 41 41.000000
41 41 41.000000
41 42 42.000000
42 42 42.000000
42 42 42.000000
42 42 42.000000
42 42 42.000000
42 43 43.000000
43 43 43.000000
43 43 43.000000
43 43 43.000000
43 43 43.000000
43 43 44.000000
44 44 44.000000
44 44 44.000000
44 44 44.000000
44 44 44.000000
45 45 45.000000
45 45 45.000000
45 45 45.000000
45 45 45.000000
45 45 46.000000
46 46 46.000000
46 46 46.000000
46 46 46.000000
46 46 46.000000
46 46 47.000000
47 47 47.000000
47 47 47.000000
47 47 47.000000
47 47 47.000000
47 47 47.000000
47 47 47.000000
47 47 47.000000
47 51 51.000000
51 51 51.000000
51 51 51.000000
51 57 57.000000
57 57 57.000000
57 57 57.000000
57 59 59.000000
59 59 59.000000
59 59 59.000000
60 60 60.000000
60 60 60.000000
60 60 60.000000
62 62 62.000000
62 62 62.000000
62 62 62.000000
66 68 70.000000
70 70 70.000000
70 70 70.000000
70 70 73.000000
73 73 73.000000
73 73 73.000000
73 73 75.000000
75 75 75.000000
75 75 75.000000
75 75 75.000000
76 76 76.000000
76 76 76.000000
76 76 76.000000
77 77 77.000000
77 77 77.000000
77 77 77.000000
1 1 1.000000
1 1 1.000000
1 1 1.000000
1 1 1.000000
1 1 1.000000
1 1 1.000000
1 1 1.000000
1 1 1.000000
1 1 1.000000
1 1 1.000000
1 1 1.000000
1 1 1.000000
1 1 1.000000
1 1 1.000000
1 1 1.000000
1 1 1.000000
1 1 1.000000
1 1 1.000000
1 1 1.000000
1 1 1.000000
1 1 1.000000
1 1 1.000000
1 1 1.000000
1 1 1.000000
1 1 1.000000
1 1 1.000000
1 1 1.000000
1 1 1.000000
1 1 1.000000
1 1 1.000000
1 1 1.000000
1 1 1.000000
1 1 1.000000
1 1 1.000000
1 1 1.000000
1 1 1.000000
1 1 1.000000
1 1 1.000000
1 1 1.000000
1 1 1.000000
1 1 1.000000
1 1 1.000000
1 1 1.000000
1 1 1.000000
1 1 1.000000
1 1 1.000000
1 1 1.000000
1 1 1.000000
1 1 1.000000
1 1 1.000000
1 1 1.000000
1 1 1.000000
1 1 1.000000
1 1 1.000000
1 1 1.000000
1 1 1.000000
1 1 1.000000
1 1 1.000000
1 1 1.000000
1 1 1.000000
1 1 1.000000
1 1 1.000000
1 1 1.000000
1 1 1.000000
1 1 1.000000
1 1 1.000000
1 1 1.000000
1 1 1.000000
1 1 1.000000
1 1 1.000000
1 1 1.000000
1 1 1.000000
1 1 1.000000
1 1 1.000000
1 1 1.000000
1 1 1.000000
1 1 1.000000
1 1 1.000000
1 1 1.000000
1 1 1.000000
1 1 1.000000
1 1 1.000000
1 1 1.000000
1 1 1.000000
1 1 1.000000
1 1 1.000000
1 1 1.000000
1 1 1.000000
1 1 1.000000
1 1 1.000000
1 1 1.000000
1 1 1.000000
1 1 1.000000
1 1 1.000000
1 1 1.000000
1 1 1.000000
1 1 1.000000
1 1 1.000000
1 1 1.000000
1 1 1.000000
1 1 1.000000
1 1 1.000000
1 1 1.000000
1 1 1.000000
1 1 1.000000
1 1 1.000000
1 1 1.000000
1 1 1.000000
1 1 1.000000
1 1 1.000000
1 1 1.000000
1 1 1.000000
1 1 1.000000
1 1 1.000000
1 1 1.000000
1 1 1.000000
1 1 1.000000
1 1 1.000000
1 1 1.000000
1 1 1.000000
1 1 1.000000
1 1 1.000000
1 1 1.000000
1 1 1.000000
1 1 1.000000
1 1 1.000000
1 1 1.000000
1 1 1.000000
1 1 1.000000
1 1 1.000000
1 1 1.000000
1 1 1.000000
1 1 1.000000
1 1 1.000000
1 1 1.000000
1 1 1.000000
1 1 1.000000
1 1 1.000000
1 1 1.000000
1 1 1.000000
1 1 1.000000
1 1 1.000000
1 1 1.000000
1 1 1.000000
1 1 1.000000
1 1 1.000000
1 1 1.000000
1 1 1.000000
1 1 1.000000
1 1 1.000000
1 1 1.000000
1 1 1.000000
1 1 1.000000
1 1 1.000000
